0 1 2 3 4 5 6 7 8 9
0 1 2 3 4 5 6 7 8 9 u U l L a b c d e f x
0
1 2 3 4 6 8
0 1 1
0 2 1
0 3 1
0 4 1
0 5 1
0 6 1
0 7 1
0 8 1
0 9 1
0 0 5
1 0 1
1 1 1
1 2 1
1 3 1
1 4 1
1 5 1
1 6 1
1 7 1
1 8 1
1 9 1
1 u 2
1 U 2
1 l 3
1 L 3
2 l 4
2 L 4
3 u 4
3 U 4
5 1 6
5 2 6
5 3 6
5 4 6
5 5 6
5 6 6
5 7 6
5 x 7
6 0 6
6 1 6
6 2 6
6 3 6
6 4 6
6 5 6
6 6 6
6 7 6
7 0 8
7 1 8
7 2 8
7 3 8
7 4 8
7 5 8
7 6 8
7 7 8
7 8 8
7 9 8
7 a 8
7 b 8
7 c 8
7 d 8
7 e 8
7 f 8
8 0 8
8 1 8
8 2 8
8 3 8
8 4 8
8 5 8
8 6 8
8 7 8
8 8 8
8 9 8
8 a 8
8 b 8
8 c 8
8 d 8
8 e 8
8 f 8